0.05 0 0
0.1 0 0
0.15 0 0
0.2 0 0
0.25 0 0
0.3 0 0
0.35 0 0
0.4 0 0
0.45 0 0
0.5 0 0.0175
0.55 0 0.077375
0.6 0 0.12975
0.65 0 0.182125
0.7 0 0.2345
0.75 0 0.286875
0.8 0 0.33925
0.85 0 0.391625
0.9 0 0.444
0.95 0 0.451248
0.05 0.05 0
0.1 0.05 0
0.15 0.05 0
0.2 0.05 0
0.25 0.05 0
0.3 0.05 0
0.35 0.05 0
0.4 0.05 0
0.45 0.05 0.005355
0.5 0.05 0.0410375
0.55 0.05 0.107143
0.6 0.05 0.160851
0.65 0.05 0.215713
0.7 0.05 0.270576
0.75 0.05 0.325439
0.8 0.05 0.380302
0.85 0.05 0.435165
0.9 0.05 0.4551
0.95 0.05 0.451186
0.05 0.1 0
0.1 0.1 0
0.15 0.1 0
0.2 0.1 0
0.25 0.1 0
0.3 0.1 0
0.35 0.1 0
0.4 0.1 0.00141372
0.45 0.1 0.0170316
0.5 0.1 0.0694241
0.55 0.1 0.138323
0.6 0.1 0.193186
0.65 0.1 0.250835
0.7 0.1 0.308304
0.75 0.1 0.365773
0.8 0.1 0.423241
0.85 0.1 0.455772
0.9 0.1 0.453445
0.95 0.1 0.451124
0.05 0.15 0
0.1 0.15 0
0.15 0.15 0
0.2 0.15 0
0.25 0.15 0
0.3 0.15 0
0.35 0.15 0.000316673
0.4 0.15 0.00572557
0.45 0.15 0.0352701
0.5 0.15 0.101224
0.55 0.15 0.170314
0.6 0.15 0.226858
0.65 0.15 0.287591
0.7 0.15 0.347761
0.75 0.15 0.40796
0.8 0.15 0.451799
0.85 0.15 0.457395
0.9 0.15 0.450221
0.95 0.15 0.451061
0.05 0.2 0
0.1 0.2 0
0.15 0.2 0
0.2 0.2 0
0.25 0.2 0
0.3 0.2 5.89012e-005
0.35 0.2 0.00156737
0.4 0.2 0.0142466
0.45 0.2 0.0596183
0.5 0.2 0.135046
0.55 0.2 0.202919
0.6 0.2 0.262077
0.65 0.2 0.32607
0.7 0.2 0.389026
0.75 0.2 0.442273
0.8 0.2 0.460653
0.85 0.2 0.451891
0.9 0.2 0.448842
0.95 0.2 0.450999
0.05 0.25 0
0.1 0.25 0
0.15 0.25 0
0.2 0.25 0
0.25 0.25 8.83518e-006
0.3 0.25 0.000346045
0.35 0.25 0.00459367
0.4 0.25 0.0279135
0.45 0.25 0.0890835
0.5 0.25 0.169778
0.55 0.25 0.236291
0.6 0.25 0.299063
0.65 0.25 0.366338
0.7 0.25 0.426822
0.75 0.25 0.460182
0.8 0.25 0.4564
0.85 0.25 0.447393
0.9 0.25 0.449005
0.95 0.25 0.450937
0.05 0.3 0
0.1 0.3 0
0.15 0.3 0
0.2 0.3 1.02488e-006
0.25 0.3 6.0278e-005
0.3 0.3 0.00117368
0.35 0.3 0.010341
0.4 0.3 0.0471641
0.45 0.3 0.122362
0.5 0.3 0.204737
0.55 0.3 0.270801
0.6 0.3 0.337978
0.65 0.3 0.405796
0.7 0.3 0.453284
0.75 0.3 0.461767
0.8 0.3 0.448805
0.85 0.3 0.446201
0.9 0.3 0.449581
0.95 0.3 0.450874
0.05 0.35 0
0.1 0.35 0
0.15 0.35 8.609e-008
0.2 0.35 7.98178e-006
0.25 0.35 0.000233063
0.3 0.35 0.0030028
0.35 0.35 0.0197186
0.4 0.35 0.0719063
0.45 0.35 0.158091
0.5 0.35 0.239704
0.55 0.35 0.3069
0.6 0.35 0.377724
0.65 0.35 0.43882
0.7 0.35 0.464095
0.75 0.35 0.454108
0.8 0.35 0.444108
0.85 0.35 0.447144
0.9 0.35 0.449884
0.95 0.35 0.450812
0.05 0.4 0
0.1 0.4 4.64886e-009
0.15 0.4 7.54794e-007
0.2 0.4 3.47345e-005
0.25 0.4 0.000670449
0.3 0.4 0.00642019
0.35 0.4 0.0334656
0.4 0.4 0.101577
0.45 0.4 0.19508
0.5 0.4 0.274865
0.55 0.4 0.344527
0.6 0.4 0.414955
0.65 0.4 0.45974
0.7 0.4 0.461374
0.75 0.4 0.445475
0.8 0.4 0.44355
0.85 0.4 0.448395
0.9 0.4 0.449823
0.95 0.4 0.450749
0.05 0.45 1.2087e-010
0.1 0.45 4.53589e-008
0.15 0.45 3.65671e-006
0.2 0.45 0.000111245
0.25 0.45 0.00159481
0.3 0.45 0.0120901
0.35 0.45 0.0520466
0.4 0.45 0.135271
0.45 0.45 0.232471
0.5 0.45 0.310528
0.55 0.45 0.382283
0.6 0.45 0.444789
0.65 0.45 0.466384
0.7 0.45 0.451791
0.75 0.45 0.440821
0.8 0.45 0.445342
0.85 0.45 0.448952
0.9 0.45 0.449595
0.95 0.45 0.450687
0.05 0.5 1.29966e-009
0.1 0.5 2.4234e-007
0.15 0.5 1.29233e-005
0.2 0.5 0.000292097
0.25 0.5 0.00331346
0.3 0.5 0.0206882
0.35 0.5 0.0755932
0.4 0.5 0.171912
0.45 0.5 0.269772
0.5 0.5 0.346574
0.55 0.5 0.41713
0.6 0.5 0.463016
0.65 0.5 0.461378
0.7 0.5 0.442425
0.75 0.5 0.440786
0.8 0.5 0.447248
0.85 0.5 0.44878
0.9 0.5 0.449397
0.95 0.5 0.450625
0.05 0.55 7.59464e-009
0.1 0.55 9.37595e-007
0.15 0.55 3.71786e-005
0.2 0.55 0.000665296
0.25 0.55 0.00621352
0.3 0.55 0.0328295
0.35 0.55 0.103898
0.4 0.55 0.210417
0.45 0.55 0.306691
0.5 0.55 0.381923
0.55 0.55 0.445124
0.6 0.55 0.46829
0.65 0.55 0.450606
0.7 0.55 0.437505
0.75 0.55 0.443316
0.8 0.55 0.448065
0.85 0.55 0.448307
0.9 0.55 0.449302
0.95 0.55 0.450562
0.05 0.6 3.19379e-008
0.1 0.6 2.93504e-006
0.15 0.6 9.22394e-005
0.2 0.6 0.00135999
0.25 0.6 0.0107452
0.3 0.6 0.0490004
0.35 0.6 0.136453
0.4 0.6 0.249794
0.45 0.6 0.342809
0.5 0.6 0.414373
0.55 0.6 0.462918
0.6 0.6 0.462881
0.65 0.6 0.440249
0.7 0.6 0.437566
0.75 0.6 0.445929
0.8 0.6 0.447788
0.85 0.6 0.447929
0.9 0.6 0.449279
0.95 0.6 0.4505
0.05 0.65 1.08105e-007
0.1 0.65 7.88368e-006
0.15 0.65 0.000204394
0.2 0.65 0.00255177
0.25 0.65 0.0173951
0.3 0.65 0.0695051
0.35 0.65 0.172519
0.4 0.65 0.289139
0.45 0.65 0.377245
0.5 0.65 0.441063
0.55 0.65 0.469222
0.6 0.65 0.45167
0.65 0.65 0.434293
0.7 0.65 0.440625
0.75 0.65 0.447184
0.8 0.65 0.447029
0.85 0.65 0.447793
0.9 0.65 0.449271
0.95 0.65 0.450437
0.05 0.7 3.12595e-007
0.1 0.7 1.88332e-005
0.15 0.7 0.000414032
0.2 0.7 0.0044644
0.25 0.7 0.0266525
0.3 0.7 0.0944325
0.35 0.7 0.21119
0.4 0.7 0.327537
0.45 0.7 0.408517
0.5 0.7 0.459388
0.55 0.7 0.465435
0.6 0.7 0.440087
0.65 0.7 0.433624
0.7 0.7 0.44408
0.75 0.7 0.446957
0.8 0.7 0.44639
0.85 0.7 0.447832
0.9 0.7 0.449237
0.95 0.7 0.450375
0.05 0.75 8.00851e-007
0.1 0.75 4.09788e-005
0.15 0.75 0.000779311
0.2 0.75 0.00736729
0.25 0.75 0.0389717
0.3 0.75 0.12364
0.35 0.75 0.251436
0.4 0.75 0.36392
0.45 0.75 0.434723
0.5 0.75 0.467987
0.55 0.75 0.455165
0.6 0.75 0.432163
0.65 0.75 0.436697
0.7 0.75 0.44615
0.75 0.75 0.445931
0.8 0.75 0.446139
0.85 0.75 0.447912
0.9 0.75 0.449172
0.95 0.75 0.450312
0.05 0.8 1.8627e-006
0.1 0.8 8.25944e-005
0.15 0.8 0.00137948
0.2 0.8 0.0115684
0.25 0.8 0.054735
0.3 0.8 0.156753
0.35 0.8 0.292106
0.4 0.8 0.397
0.45 0.8 0.454011
0.5 0.8 0.467319
0.55 0.8 0.442944
0.6 0.8 0.429508
0.65 0.8 0.440983
0.7 0.8 0.446371
0.75 0.8 0.444908
0.8 0.8 0.446216
0.85 0.8 0.447933
0.9 0.8 0.44909
0.95 0.8 0.45025
0.05 0.85 4.00177e-006
0.1 0.85 0.000156134
0.15 0.85 0.00231749
0.2 0.85 0.0174026
0.25 0.85 0.0742175
0.3 0.85 0.193167
0.35 0.85 0.331926
0.4 0.85 0.425324
0.45 0.85 0.465158
0.5 0.85 0.459615
0.55 0.85 0.432762
0.6 0.85 0.431433
0.65 0.85 0.444332
0.7 0.85 0.445286
0.75 0.85 0.444361
0.8 0.85 0.446415
0.85 0.85 0.447873
0.9 0.85 0.449011
0.95 0.85 0.450187
0.05 0.9 8.04323e-006
0.1 0.9 0.000279455
0.15 0.9 0.0037215
0.2 0.9 0.0252168
0.25 0.9 0.0975559
0.3 0.9 0.232054
0.35 0.9 0.369501
0.4 0.9 0.447479
0.45 0.9 0.468035
0.5 0.9 0.448236
0.55 0.9 0.427018
0.6 0.9 0.435874
0.65 0.9 0.445705
0.7 0.9 0.443815
0.75 0.9 0.444344
0.8 0.9 0.446551
0.85 0.9 0.447764
0.9 0.9 0.448942
0.95 0.9 0.450125
0.05 0.95 1.52729e-005
0.1 0.95 0.000477112
0.15 0.95 0.00574498
0.2 0.95 0.0353507
0.25 0.95 0.124721
0.3 0.95 0.272371
0.35 0.95 0.403363
0.4 0.95 0.462392
0.45 0.95 0.463766
0.5 0.95 0.43672
0.55 0.95 0.42619
0.6 0.95 0.440531
0.65 0.95 0.44519
0.7 0.95 0.442703
0.75 0.95 0.444637
0.8 0.95 0.446548
0.85 0.95 0.447651
0.9 0.95 0.448884
0.95 0.95 0.450062