0.05 0 0
0.1 0 0
0.15 0 0
0.2 0 0
0.25 0 0
0.3 0 0
0.35 0 0
0.4 0 0
0.45 0 0
0.5 0 0.005
0.55 0 0.05125
0.6 0 0.10125
0.65 0 0.15125
0.7 0 0.20125
0.75 0 0.25125
0.8 0 0.30125
0.85 0 0.35125
0.9 0 0.40125
0.95 0 0.451248
0.05 0.05 0
0.1 0.05 0
0.15 0.05 0
0.2 0.05 0
0.25 0.05 0
0.3 0.05 0
0.35 0.05 0
0.4 0.05 0
0.45 0.05 0.000405
0.5 0.05 0.0092375
0.55 0.05 0.0528475
0.6 0.05 0.102497
0.65 0.05 0.152497
0.7 0.05 0.202497
0.75 0.05 0.252497
0.8 0.05 0.302497
0.85 0.05 0.352497
0.9 0.05 0.402496
0.95 0.05 0.451186
0.05 0.1 0
0.1 0.1 0
0.15 0.1 0
0.2 0.1 0
0.25 0.1 0
0.3 0.1 0
0.35 0.1 0
0.4 0.1 2.592e-005
0.45 0.1 0.00109573
0.5 0.1 0.012913
0.55 0.1 0.0546454
0.6 0.1 0.103781
0.65 0.1 0.153741
0.7 0.1 0.203741
0.75 0.1 0.253741
0.8 0.1 0.303741
0.85 0.1 0.35374
0.9 0.1 0.403316
0.95 0.1 0.451124
0.05 0.15 0
0.1 0.15 0
0.15 0.15 0
0.2 0.15 0
0.25 0.15 0
0.3 0.15 0
0.35 0.15 1.27008e-006
0.4 0.15 9.31824e-005
0.45 0.15 0.0019876
0.5 0.15 0.0161676
0.55 0.15 0.0565522
0.6 0.15 0.105114
0.65 0.15 0.154987
0.7 0.15 0.204981
0.75 0.15 0.254981
0.8 0.15 0.304981
0.85 0.15 0.354858
0.9 0.15 0.403966
0.95 0.15 0.451061
0.05 0.2 0
0.1 0.2 0
0.15 0.2 0
0.2 0.2 0
0.25 0.2 0
0.3 0.2 4.57229e-008
0.35 0.2 5.7306e-006
0.4 0.2 0.000210148
0.45 0.2 0.00302039
0.5 0.2 0.0191022
0.55 0.2 0.0585108
0.6 0.2 0.106497
0.65 0.2 0.156241
0.7 0.2 0.20622
0.75 0.2 0.256219
0.8 0.2 0.306187
0.85 0.2 0.355869
0.9 0.2 0.404514
0.95 0.2 0.450999
0.05 0.25 0
0.1 0.25 0
0.15 0.25 0
0.2 0.25 0
0.25 0.25 1.14307e-009
0.3 0.25 2.49304e-007
0.35 0.25 1.55537e-005
0.4 0.25 0.000380484
0.45 0.25 0.00415107
0.5 0.25 0.0217891
0.55 0.25 0.0604861
0.6 0.25 0.107923
0.65 0.25 0.157507
0.7 0.25 0.207457
0.75 0.25 0.257446
0.8 0.25 0.307347
0.85 0.25 0.356791
0.9 0.25 0.404992
0.95 0.25 0.450937
0.05 0.3 0
0.1 0.3 0
0.15 0.3 0
0.2 0.3 1.82892e-011
0.25 0.3 7.32995e-009
0.3 0.3 7.94426e-007
0.35 0.3 3.29143e-005
0.4 0.3 0.000604793
0.45 0.3 0.00534879
0.5 0.3 0.0242815
0.55 0.3 0.0624567
0.6 0.3 0.109386
0.65 0.3 0.158786
0.7 0.3 0.208694
0.75 0.3 0.258657
0.8 0.3 0.308458
0.85 0.3 0.357641
0.9 0.3 0.405417
0.95 0.3 0.450874
0.05 0.35 0
0.1 0.35 0
0.15 0.35 1.64602e-013
0.2 0.35 1.3512e-010
0.25 0.35 2.68976e-008
0.3 0.35 1.93223e-006
0.35 0.35 5.98423e-005
0.4 0.35 0.000881734
0.45 0.35 0.00659145
0.5 0.35 0.0266184
0.55 0.35 0.0644095
0.6 0.35 0.110876
0.65 0.35 0.160081
0.7 0.35 0.20993
0.75 0.35 0.259848
0.8 0.35 0.309521
0.85 0.35 0.358431
0.9 0.35 0.405802
0.95 0.35 0.450812
0.05 0.4 0
0.1 0.4 6.58409e-016
0.15 0.4 1.37854e-012
0.2 0.4 5.62173e-010
0.25 0.4 7.41291e-008
0.3 0.4 3.97214e-006
0.35 0.4 9.81412e-005
0.4 0.4 0.00120879
0.45 0.4 0.00786313
0.5 0.4 0.0288289
0.55 0.4 0.0663375
0.6 0.4 0.112387
0.65 0.4 0.161389
0.7 0.4 0.211164
0.75 0.4 0.261015
0.8 0.4 0.310539
0.85 0.4 0.359169
0.9 0.4 0.406154
0.95 0.4 0.450749
0.05 0.45 6.58409e-019
0.1 0.45 6.16897e-015
0.15 0.45 6.42018e-012
0.2 0.45 1.73447e-009
0.25 0.45 1.70475e-007
0.3 0.45 7.27044e-006
0.35 0.45 0.000149351
0.4 0.45 0.00158278
0.45 0.45 0.00915242
0.5 0.45 0.0309353
0.55 0.45 0.0682366
0.6 0.45 0.113913
0.65 0.45 0.162708
0.7 0.45 0.212393
0.75 0.45 0.262158
0.8 0.45 0.311514
0.85 0.45 0.359862
0.9 0.45 0.406479
0.95 0.45 0.450687
0.05 0.5 6.82606e-018
0.1 0.5 3.18158e-014
0.15 0.5 2.1947e-011
0.2 0.5 4.41961e-009
0.25 0.5 3.45438e-007
0.3 0.5 1.22181e-005
0.35 0.5 0.00021474
0.4 0.5 0.00200021
0.45 0.5 0.0104511
0.5 0.5 0.0329544
0.55 0.5 0.0701051
0.6 0.5 0.115447
0.65 0.5 0.164038
0.7 0.5 0.213617
0.75 0.5 0.263277
0.8 0.5 0.312452
0.85 0.5 0.360517
0.9 0.5 0.40678
0.95 0.5 0.450625
0.05 0.55 3.86282e-017
0.1 0.55 1.19429e-013
0.15 0.55 6.14382e-011
0.2 0.55 9.83847e-009
0.25 0.55 6.37128e-007
0.3 0.55 1.9229e-005
0.35 0.55 0.000295312
0.4 0.55 0.0024575
0.45 0.55 0.0117534
0.5 0.55 0.0348993
0.55 0.55 0.0719427
0.6 0.55 0.116987
0.65 0.55 0.165374
0.7 0.55 0.214834
0.75 0.55 0.264372
0.8 0.55 0.313354
0.85 0.55 0.361138
0.9 0.55 0.407061
0.95 0.55 0.450562
0.05 0.6 1.5798e-016
0.1 0.6 3.64525e-013
0.15 0.6 1.49186e-010
0.2 0.6 1.97918e-008
0.25 0.6 1.09249e-006
0.3 0.6 2.87295e-005
0.35 0.6 0.000391824
0.4 0.6 0.00295116
0.45 0.6 0.013055
0.5 0.6 0.0367805
0.55 0.6 0.0737496
0.6 0.6 0.118527
0.65 0.6 0.166714
0.7 0.6 0.216043
0.75 0.6 0.265443
0.8 0.6 0.314223
0.85 0.6 0.361728
0.9 0.6 0.407325
0.95 0.6 0.4505
0.05 0.65 5.22188e-016
0.1 0.65 9.59263e-013
0.15 0.65 3.25374e-010
0.2 0.65 3.67877e-008
0.25 0.65 1.76728e-006
0.3 0.65 4.11487e-005
0.35 0.65 0.000504815
0.4 0.65 0.00347782
0.45 0.65 0.0143531
0.5 0.65 0.038606
0.55 0.65 0.0755267
0.6 0.65 0.120065
0.65 0.65 0.168057
0.7 0.65 0.217243
0.75 0.65 0.266493
0.8 0.65 0.315062
0.85 0.65 0.362291
0.9 0.65 0.407574
0.95 0.65 0.450437
0.05 0.7 1.48041e-015
0.1 0.7 2.25548e-012
0.15 0.7 6.52234e-010
0.2 0.7 6.41648e-008
0.25 0.7 2.72576e-006
0.3 0.7 5.69108e-005
0.35 0.7 0.000634624
0.4 0.7 0.00403433
0.45 0.7 0.0156455
0.5 0.7 0.0403826
0.55 0.7 0.0772749
0.6 0.7 0.121598
0.65 0.7 0.169398
0.7 0.7 0.218434
0.75 0.7 0.26752
0.8 0.7 0.315874
0.85 0.7 0.36283
0.9 0.7 0.407809
0.95 0.7 0.450375
0.05 0.75 3.73293e-015
0.1 0.75 4.85201e-012
0.15 0.75 1.22124e-009
0.2 0.75 1.06209e-007
0.25 0.75 4.0403e-006
0.3 0.75 7.64283e-005
0.35 0.75 0.000781425
0.4 0.75 0.00461777
0.45 0.75 0.0169308
0.5 0.75 0.0421156
0.55 0.75 0.0789954
0.6 0.75 0.123125
0.65 0.75 0.170737
0.7 0.75 0.219614
0.75 0.75 0.268527
0.8 0.75 0.316661
0.85 0.75 0.363347
0.9 0.75 0.408032
0.95 0.75 0.450312
0.05 0.8 8.57747e-015
0.1 0.8 9.71029e-012
0.15 0.8 2.16125e-009
0.2 0.8 1.68259e-007
0.25 0.8 5.79073e-006
0.3 0.8 0.000100097
0.35 0.8 0.000945245
0.4 0.8 0.00522546
0.45 0.8 0.0182081
0.5 0.8 0.0438094
0.55 0.8 0.0806893
0.6 0.8 0.124642
0.65 0.8 0.172071
0.7 0.8 0.220783
0.75 0.8 0.269515
0.8 0.8 0.317424
0.85 0.8 0.363844
0.9 0.8 0.408244
0.95 0.8 0.45025
0.05 0.85 1.82706e-014
0.1 0.85 1.83019e-011
0.15 0.85 3.6475e-009
0.2 0.85 2.56801e-007
0.25 0.85 8.06362e-006
0.3 0.85 0.000128292
0.35 0.85 0.00112599
0.4 0.85 0.00585496
0.45 0.85 0.0194768
0.5 0.85 0.0454678
0.55 0.85 0.0823576
0.6 0.85 0.12615
0.65 0.85 0.173399
0.7 0.85 0.22194
0.75 0.85 0.270483
0.8 0.85 0.318166
0.85 0.85 0.364324
0.9 0.85 0.408446
0.95 0.85 0.450187
0.05 0.9 3.6536e-014
0.1 0.9 3.27912e-011
0.15 0.9 5.91132e-009
0.2 0.9 3.79549e-007
0.25 0.9 1.09516e-005
0.3 0.9 0.000161363
0.35 0.9 0.00132347
0.4 0.9 0.00650404
0.45 0.9 0.0207365
0.5 0.9 0.0470938
0.55 0.9 0.0840014
0.6 0.9 0.127646
0.65 0.9 0.17472
0.7 0.9 0.223085
0.75 0.9 0.271434
0.8 0.9 0.318887
0.85 0.9 0.364786
0.9 0.9 0.408639
0.95 0.9 0.450125
0.05 0.95 6.92541e-014
0.1 0.95 5.62561e-011
0.15 0.95 9.25047e-009
0.2 0.95 5.45511e-007
0.25 0.95 1.45523e-005
0.3 0.95 0.000199637
0.35 0.95 0.0015374
0.4 0.95 0.00717072
0.45 0.95 0.021987
0.5 0.95 0.04869
0.55 0.95 0.0856215
0.6 0.95 0.12913
0.65 0.95 0.176031
0.7 0.95 0.224217
0.75 0.95 0.272367
0.8 0.95 0.31959
0.85 0.95 0.365234
0.9 0.95 0.408824
0.95 0.95 0.450062