0 0 0
0.05 0 0.44875
0.1 0 0.39875
0.15 0 0.34875
0.2 0 0.29875
0.25 0 0.24875
0.3 0 0.19875
0.35 0 0.14875
0.4 0 0.09875
0.45 0 0.04875
0.5 0 0.00375
0.55 0 0
0.6 0 0
0.65 0 0
0.7 0 0
0.75 0 0
0.8 0 0
0.85 0 0
0.9 0 0
0.95 0 -0.451248
0 0.05 0
0.05 0.05 0.448251
0.1 0.05 0.397503
0.15 0.05 0.347503
0.2 0.05 0.297503
0.25 0.05 0.247503
0.3 0.05 0.197503
0.35 0.05 0.147503
0.4 0.05 0.0975031
0.45 0.05 0.0479081
0.5 0.05 0.00674062
0.55 0.05 0.000350625
0.6 0.05 0
0.65 0.05 0
0.7 0.05 0
0.75 0.05 0
0.8 0.05 0
0.85 0.05 0
0.9 0.05 -0.146204
0.95 0.05 -0.451186
0 0.1 0
0.05 0.1 0.447752
0.1 0.1 0.396259
0.15 0.1 0.346259
0.2 0.1 0.296259
0.25 0.1 0.246259
0.3 0.1 0.196259
0.35 0.1 0.146259
0.4 0.1 0.0962853
0.45 0.1 0.0473551
0.5 0.1 0.00917234
0.55 0.1 0.000904788
0.6 0.1 3.99713e-005
0.65 0.1 0
0.7 0.1 0
0.75 0.1 0
0.8 0.1 0
0.85 0.1 -0.0422531
0.9 0.1 -0.203862
0.95 0.1 -0.451124
0 0.15 0
0.05 0.15 0.447253
0.1 0.15 0.395016
0.15 0.15 0.345019
0.2 0.15 0.295019
0.25 0.15 0.245019
0.3 0.15 0.195019
0.35 0.15 0.14502
0.4 0.15 0.0951119
0.45 0.15 0.0470063
0.5 0.15 0.0111864
0.55 0.15 0.0015709
0.6 0.15 0.000132705
0.65 0.15 5.45608e-006
0.7 0.15 0
0.75 0.15 0
0.8 0.15 -0.0108168
0.85 0.15 -0.078437
0.9 0.15 -0.238376
0.95 0.15 -0.451061
0 0.2 0
0.05 0.2 0.446754
0.1 0.2 0.393777
0.15 0.2 0.343781
0.2 0.2 0.293781
0.25 0.2 0.243781
0.3 0.2 0.193781
0.35 0.2 0.143787
0.4 0.2 0.0939913
0.45 0.2 0.0468016
0.5 0.2 0.0128833
0.55 0.2 0.002292
0.6 0.2 0.000278003
0.65 0.2 2.18898e-005
0.7 0.2 8.78428e-007
0.75 0.2 -0.00243378
0.8 0.2 -0.0257641
0.85 0.2 -0.107795
0.9 0.2 -0.262067
0.95 0.2 -0.450999
0 0.25 0
0.05 0.25 0.446254
0.1 0.25 0.392539
0.15 0.25 0.342547
0.2 0.25 0.292547
0.25 0.25 0.242547
0.3 0.25 0.192547
0.35 0.25 0.142562
0.4 0.25 0.0929272
0.45 0.25 0.0466978
0.5 0.25 0.0143359
0.55 0.25 0.00303286
0.6 0.25 0.000470023
0.65 0.25 5.32436e-005
0.7 0.25 -0.000472934
0.75 0.25 -0.00722052
0.8 0.25 -0.0416603
0.85 0.25 -0.13189
0.9 0.25 -0.279584
0.95 0.25 -0.450937
0 0.3 0
0.05 0.3 0.445754
0.1 0.3 0.391304
0.15 0.3 0.341315
0.2 0.3 0.291315
0.25 0.3 0.241315
0.3 0.3 0.191316
0.35 0.3 0.141348
0.4 0.3 0.0919201
0.45 0.3 0.0466641
0.5 0.3 0.0155969
0.55 0.3 0.00377201
0.6 0.3 0.000700995
0.65 0.3 2.10769e-005
0.7 0.3 -0.00170956
0.75 0.3 -0.0136862
0.8 0.3 -0.0572158
0.85 0.3 -0.152002
0.9 0.3 -0.293197
0.95 0.3 -0.450874
0 0.35 0
0.05 0.35 0.445254
0.1 0.35 0.390072
0.15 0.35 0.340087
0.2 0.35 0.290087
0.25 0.35 0.240087
0.3 0.35 0.190089
0.35 0.35 0.140147
0.4 0.35 0.0909688
0.45 0.35 0.0466785
0.5 0.35 0.0167054
0.55 0.35 0.00449661
0.6 0.35 0.00095143
0.65 0.35 -0.000178645
0.7 0.35 -0.00377408
0.75 0.35 -0.0212006
0.8 0.35 -0.0719357
0.85 0.35 -0.169062
0.9 0.35 -0.304158
0.95 0.35 -0.450812
0 0.4 0
0.05 0.4 0.444753
0.1 0.4 0.388841
0.15 0.4 0.338862
0.2 0.4 0.288862
0.25 0.4 0.238862
0.3 0.4 0.188866
0.35 0.4 0.13896
0.4 0.4 0.0900706
0.45 0.4 0.046725
0.5 0.4 0.0176908
0.55 0.4 0.00519793
0.6 0.4 0.00119047
0.65 0.4 -0.000631572
0.7 0.4 -0.00660137
0.75 0.4 -0.0292955
0.8 0.4 -0.0856615
0.85 0.4 -0.183741
0.9 0.4 -0.313222
0.95 0.4 -0.450749
0 0.45 0
0.05 0.45 0.444253
0.1 0.45 0.387613
0.15 0.45 0.33764
0.2 0.45 0.28764
0.25 0.45 0.23764
0.3 0.45 0.187647
0.35 0.45 0.137789
0.4 0.45 0.0892225
0.45 0.45 0.0467921
0.5 0.45 0.0185748
0.55 0.45 0.00586811
0.6 0.45 0.00138197
0.65 0.45 -0.00139018
0.7 0.45 -0.0100718
0.75 0.45 -0.0376495
0.8 0.45 -0.0983805
0.85 0.45 -0.196525
0.9 0.45 -0.320872
0.95 0.45 -0.450687
0 0.5 0
0.05 0.5 0.443752
0.1 0.5 0.386388
0.15 0.5 0.33642
0.2 0.5 0.286421
0.25 0.5 0.236421
0.3 0.5 0.186433
0.35 0.5 0.136635
0.4 0.5 0.0884208
0.45 0.5 0.0468717
0.5 0.5 0.019374
0.55 0.5 0.0064987
0.6 0.5 0.00149075
0.65 0.5 -0.0024755
0.7 0.5 -0.0140541
0.75 0.5 -0.046049
0.8 0.5 -0.110142
0.85 0.5 -0.207777
0.9 0.5 -0.327437
0.95 0.5 -0.450625
0 0.55 0
0.05 0.55 0.443251
0.1 0.55 0.385165
0.15 0.55 0.335204
0.2 0.55 0.285205
0.25 0.55 0.235205
0.3 0.55 0.185224
0.35 0.55 0.1355
0.4 0.55 0.087662
0.45 0.55 0.0469578
0.5 0.55 0.0201004
0.55 0.55 0.00708033
0.6 0.55 0.00148679
0.65 0.55 -0.0038847
0.7 0.55 -0.0184258
0.75 0.55 -0.0543557
0.8 0.55 -0.121017
0.85 0.55 -0.217772
0.9 0.55 -0.333146
0.95 0.55 -0.450562
0 0.6 0
0.05 0.6 0.442749
0.1 0.6 0.383944
0.15 0.6 0.333991
0.2 0.6 0.283992
0.25 0.6 0.233993
0.3 0.6 0.18402
0.35 0.6 0.134383
0.4 0.6 0.0869427
0.45 0.6 0.0470462
0.5 0.6 0.0207624
0.55 0.6 0.00760318
0.6 0.6 0.00134724
0.65 0.6 -0.00559922
0.7 0.6 -0.0230809
0.75 0.6 -0.0624817
0.8 0.6 -0.131085
0.85 0.6 -0.226721
0.9 0.6 -0.338167
0.95 0.6 -0.4505
0 0.65 0
0.05 0.65 0.442248
0.1 0.65 0.382725
0.15 0.65 0.332781
0.2 0.65 0.282782
0.25 0.65 0.232783
0.3 0.65 0.182823
0.35 0.65 0.133286
0.4 0.65 0.0862593
0.45 0.65 0.0471335
0.5 0.65 0.0213659
0.55 0.65 0.0080576
0.6 0.65 0.00105676
0.65 0.65 -0.00759143
0.7 0.65 -0.0279312
0.75 0.65 -0.0703736
0.8 0.65 -0.140422
0.85 0.65 -0.234788
0.9 0.65 -0.342624
0.95 0.65 -0.450437
0 0.7 0
0.05 0.7 0.441746
0.1 0.7 0.381509
0.15 0.7 0.331574
0.2 0.7 0.281575
0.25 0.7 0.231577
0.3 0.7 0.181632
0.35 0.7 0.132209
0.4 0.7 0.0856088
0.45 0.7 0.0472174
0.5 0.7 0.0219142
0.55 0.7 0.00843468
0.6 0.7 0.000606873
0.65 0.7 -0.0098294
0.7 0.7 -0.0329054
0.75 0.7 -0.0780005
0.8 0.7 -0.149098
0.85 0.7 -0.242104
0.9 0.7 -0.346613
0.95 0.7 -0.450375
0 0.75 0
0.05 0.75 0.441244
0.1 0.75 0.380295
0.15 0.75 0.33037
0.2 0.75 0.280371
0.25 0.75 0.230375
0.3 0.75 0.180447
0.35 0.75 0.131152
0.4 0.75 0.0849882
0.45 0.75 0.0472957
0.5 0.75 0.0224092
0.55 0.75 0.00872676
0.6 0.75 -5.09763e-006
0.65 0.75 -0.0122801
0.7 0.75 -0.0379465
0.75 0.75 -0.0853471
0.8 0.75 -0.157178
0.85 0.75 -0.248776
0.9 0.75 -0.350207
0.95 0.75 -0.450312
0 0.8 0
0.05 0.8 0.440742
0.1 0.8 0.379084
0.15 0.8 0.329169
0.2 0.8 0.27917
0.25 0.8 0.229176
0.3 0.8 0.17927
0.35 0.8 0.130115
0.4 0.8 0.0843946
0.45 0.8 0.0473666
0.5 0.8 0.0228514
0.55 0.8 0.0089277
0.6 0.8 -0.000777255
0.65 0.8 -0.0149115
0.7 0.8 -0.0430099
0.75 0.8 -0.092408
0.8 0.8 -0.164718
0.85 0.8 -0.254889
0.9 0.8 -0.353466
0.95 0.8 -0.45025
0 0.85 0
0.05 0.85 0.440239
0.1 0.85 0.377875
0.15 0.85 0.327971
0.2 0.85 0.277972
0.25 0.85 0.22798
0.3 0.85 0.1781
0.35 0.85 0.129098
0.4 0.85 0.0838255
0.45 0.85 0.0474286
0.5 0.85 0.0232406
0.55 0.85 0.00903295
0.6 0.85 -0.00170428
0.65 0.85 -0.0176935
0.7 0.85 -0.0480606
0.75 0.85 -0.0991847
0.8 0.85 -0.171771
0.85 0.85 -0.260513
0.9 0.85 -0.356437
0.95 0.85 -0.450187
0 0.9 0
0.05 0.9 0.439737
0.1 0.9 0.376668
0.15 0.9 0.326776
0.2 0.9 0.276777
0.25 0.9 0.226788
0.3 0.9 0.176938
0.35 0.9 0.1281
0.4 0.9 0.0832785
0.45 0.9 0.04748
0.5 0.9 0.0235758
0.55 0.9 0.00903957
0.6 0.9 -0.00277842
0.65 0.9 -0.0205988
0.7 0.9 -0.0530717
0.75 0.9 -0.105683
0.8 0.9 -0.178381
0.85 0.9 -0.265709
0.9 0.9 -0.359159
0.95 0.9 -0.450125
0 0.95 0
0.05 0.95 0.439234
0.1 0.95 0.375464
0.15 0.95 0.325584
0.2 0.95 0.275585
0.25 0.95 0.225599
0.3 0.95 0.175785
0.35 0.95 0.127122
0.4 0.95 0.0827514
0.45 0.95 0.0475193
0.5 0.95 0.0238561
0.55 0.95 0.00894613
0.6 0.95 -0.00399036
0.65 0.95 -0.0236027
0.7 0.95 -0.0580227
0.75 0.95 -0.111911
0.8 0.95 -0.184588
0.85 0.95 -0.270525
0.9 0.95 -0.361661
0.95 0.95 -0.450062