0 0 0
0.05 0 0.44875
0.1 0 0.39875
0.15 0 0.34875
0.2 0 0.29875
0.25 0 0.24875
0.3 0 0.19875
0.35 0 0.14875
0.4 0 0.09875
0.45 0 0.04875
0.5 0 0.004375
0.55 0 0
0.6 0 0
0.65 0 0
0.7 0 0
0.75 0 0
0.8 0 0
0.85 0 0
0.9 0 0
0.95 0 -0.451248
0 0.05 0
0.05 0.05 0.447628
0.1 0.05 0.397503
0.15 0.05 0.347503
0.2 0.05 0.297503
0.25 0.05 0.247503
0.3 0.05 0.197503
0.35 0.05 0.147503
0.4 0.05 0.0975031
0.45 0.05 0.048022
0.5 0.05 0.00775469
0.55 0.05 0.000469219
0.6 0.05 0
0.65 0.05 0
0.7 0.05 0
0.75 0.05 0
0.8 0.05 0
0.85 0.05 0
0.9 0.05 -0.156358
0.95 0.05 -0.451186
0 0.1 0
0.05 0.1 0.446508
0.1 0.1 0.39626
0.15 0.1 0.346259
0.2 0.1 0.296259
0.25 0.1 0.246259
0.3 0.1 0.196259
0.35 0.1 0.146259
0.4 0.1 0.0962978
0.45 0.1 0.0476386
0.5 0.1 0.0104391
0.55 0.1 0.00118619
0.6 0.1 6.05292e-005
0.65 0.1 0
0.7 0.1 0
0.75 0.1 0
0.8 0.1 0
0.85 0.1 -0.0485099
0.9 0.1 -0.210983
0.95 0.1 -0.451124
0 0.15 0
0.05 0.15 0.44539
0.1 0.15 0.395019
0.15 0.15 0.345019
0.2 0.15 0.295019
0.25 0.15 0.245019
0.3 0.15 0.195019
0.35 0.15 0.145021
0.4 0.15 0.0951542
0.45 0.15 0.0474818
0.5 0.15 0.012627
0.55 0.15 0.00202391
0.6 0.15 0.000195963
0.65 0.15 9.24584e-006
0.7 0.15 0
0.75 0.15 0
0.8 0.15 -0.0133887
0.85 0.15 -0.0858074
0.9 0.15 -0.244679
0.95 0.15 -0.451061
0 0.2 0
0.05 0.2 0.444275
0.1 0.2 0.393782
0.15 0.2 0.343781
0.2 0.2 0.293781
0.25 0.2 0.243781
0.3 0.2 0.193781
0.35 0.2 0.143791
0.4 0.2 0.0940813
0.45 0.2 0.0474729
0.5 0.2 0.0144524
0.55 0.2 0.00290971
0.6 0.2 0.00040159
0.65 0.2 3.6031e-005
0.7 0.2 1.65038e-006
0.75 0.2 -0.00326351
0.8 0.2 -0.0301831
0.85 0.2 -0.115493
0.9 0.2 -0.267679
0.95 0.2 -0.450999
0 0.25 0
0.05 0.25 0.443161
0.1 0.25 0.392549
0.15 0.25 0.342547
0.2 0.25 0.292547
0.25 0.25 0.242547
0.3 0.25 0.192547
0.35 0.25 0.142573
0.4 0.25 0.0930814
0.45 0.25 0.047559
0.5 0.25 0.016007
0.55 0.25 0.00380242
0.6 0.25 0.000666011
0.65 0.25 8.54111e-005
0.7 0.25 -0.000689328
0.75 0.25 -0.00914355
0.8 0.25 -0.0473
0.85 0.25 -0.139578
0.9 0.25 -0.284646
0.95 0.25 -0.450937
0 0.3 0
0.05 0.3 0.44205
0.1 0.3 0.391318
0.15 0.3 0.341315
0.2 0.3 0.291315
0.25 0.3 0.241315
0.3 0.3 0.191317
0.35 0.3 0.14137
0.4 0.3 0.0921526
0.45 0.3 0.0477046
0.5 0.3 0.0173548
0.55 0.3 0.00467922
0.6 0.3 0.000976627
0.65 0.3 3.03638e-005
0.7 0.3 -0.00235429
0.75 0.3 -0.0166776
0.8 0.3 -0.0636456
0.85 0.3 -0.159529
0.9 0.3 -0.297816
0.95 0.3 -0.450874
0 0.35 0
0.05 0.35 0.440942
0.1 0.35 0.390091
0.15 0.35 0.340087
0.2 0.35 0.290087
0.25 0.35 0.240087
0.3 0.35 0.190091
0.35 0.35 0.140184
0.4 0.35 0.0912908
0.45 0.35 0.0478859
0.5 0.35 0.018541
0.55 0.35 0.00552805
0.6 0.35 0.00130136
0.65 0.35 -0.000266928
0.7 0.35 -0.00498078
0.75 0.35 -0.0251302
0.8 0.35 -0.0788658
0.85 0.35 -0.176361
0.9 0.35 -0.308413
0.95 0.35 -0.450812
0 0.4 0
0.05 0.4 0.439835
0.1 0.4 0.388867
0.15 0.4 0.338862
0.2 0.4 0.288862
0.25 0.4 0.238862
0.3 0.4 0.18887
0.35 0.4 0.139019
0.4 0.4 0.0904909
0.45 0.4 0.0480866
0.5 0.4 0.0195984
0.55 0.4 0.00634032
0.6 0.4 0.001594
0.65 0.4 -0.000899945
0.7 0.4 -0.00842881
0.75 0.4 -0.0340096
0.8 0.4 -0.0928957
0.85 0.4 -0.190785
0.9 0.4 -0.317169
0.95 0.4 -0.450749
0 0.45 0
0.05 0.45 0.438731
0.1 0.45 0.387646
0.15 0.45 0.33764
0.2 0.45 0.28764
0.25 0.45 0.23764
0.3 0.45 0.187654
0.35 0.45 0.137876
0.4 0.45 0.0897473
0.45 0.45 0.048296
0.5 0.45 0.0205506
0.55 0.45 0.00710683
0.6 0.45 0.00180575
0.65 0.45 -0.00191147
0.7 0.45 -0.0125253
0.75 0.45 -0.043002
0.8 0.45 -0.105784
0.85 0.45 -0.203309
0.9 0.45 -0.324557
0.95 0.45 -0.450687
0 0.5 0
0.05 0.5 0.437629
0.1 0.5 0.386429
0.15 0.5 0.336421
0.2 0.5 0.286421
0.25 0.5 0.236421
0.3 0.5 0.186444
0.35 0.5 0.136755
0.4 0.5 0.0890544
0.45 0.5 0.048507
0.5 0.5 0.0214145
0.55 0.5 0.00781658
0.6 0.5 0.00189404
0.65 0.5 -0.0033051
0.7 0.5 -0.0171062
0.75 0.5 -0.0519118
0.8 0.5 -0.11762
0.85 0.5 -0.214305
0.9 0.5 -0.330893
0.95 0.5 -0.450625
0 0.55 0
0.05 0.55 0.436529
0.1 0.55 0.385214
0.15 0.55 0.335205
0.2 0.55 0.285205
0.25 0.55 0.235206
0.3 0.55 0.185241
0.35 0.55 0.135658
0.4 0.55 0.0884071
0.45 0.55 0.0487146
0.5 0.55 0.0222018
0.55 0.55 0.00845735
0.6 0.55 0.00182665
0.65 0.55 -0.00505933
0.7 0.55 -0.0220309
0.75 0.55 -0.0606196
0.8 0.55 -0.128504
0.85 0.55 -0.224053
0.9 0.55 -0.336402
0.95 0.55 -0.450562
0 0.6 0
0.05 0.6 0.435431
0.1 0.6 0.384003
0.15 0.6 0.333992
0.2 0.6 0.283992
0.25 0.6 0.233994
0.3 0.6 0.184045
0.35 0.6 0.134586
0.4 0.6 0.0878004
0.45 0.6 0.0489156
0.5 0.6 0.0229199
0.55 0.6 0.00901681
0.6 0.6 0.00158257
0.65 0.6 -0.00713884
0.7 0.6 -0.0271851
0.75 0.6 -0.069056
0.8 0.6 -0.138534
0.85 0.6 -0.232766
0.9 0.6 -0.341244
0.95 0.6 -0.4505
0 0.65 0
0.05 0.65 0.434336
0.1 0.65 0.382795
0.15 0.65 0.332782
0.2 0.65 0.282782
0.25 0.65 0.232786
0.3 0.65 0.182857
0.35 0.65 0.133539
0.4 0.65 0.0872299
0.45 0.65 0.0491074
0.5 0.65 0.0235731
0.55 0.65 0.00948361
0.6 0.65 0.00115093
0.65 0.65 -0.00950237
0.7 0.65 -0.0324783
0.75 0.65 -0.0771826
0.8 0.65 -0.147799
0.85 0.65 -0.240609
0.9 0.65 -0.345542
0.95 0.65 -0.450437
0 0.7 0
0.05 0.7 0.433243
0.1 0.7 0.38159
0.15 0.7 0.331575
0.2 0.7 0.281575
0.25 0.7 0.231581
0.3 0.7 0.181677
0.35 0.7 0.132515
0.4 0.7 0.0866914
0.45 0.7 0.0492881
0.5 0.7 0.0241634
0.55 0.7 0.00984817
0.6 0.7 0.000529093
0.65 0.7 -0.0121076
0.7 0.7 -0.0378403
0.75 0.7 -0.0849821
0.8 0.7 -0.156379
0.85 0.7 -0.247713
0.9 0.7 -0.349387
0.95 0.7 -0.450375
0 0.75 0
0.05 0.75 0.432152
0.1 0.75 0.380389
0.15 0.75 0.330371
0.2 0.75 0.280371
0.25 0.75 0.23038
0.3 0.75 0.180507
0.35 0.75 0.131517
0.4 0.75 0.0861813
0.45 0.75 0.049456
0.5 0.75 0.0246909
0.55 0.75 0.0101031
0.6 0.75 -0.000279305
0.65 0.75 -0.0149141
0.7 0.75 -0.0432172
0.75 0.75 -0.0924497
0.8 0.75 -0.164347
0.85 0.75 -0.254183
0.9 0.75 -0.352851
0.95 0.75 -0.450312
0 0.8 0
0.05 0.8 0.431063
0.1 0.8 0.37919
0.15 0.8 0.32917
0.2 0.8 0.27917
0.25 0.8 0.229183
0.3 0.8 0.179346
0.35 0.8 0.130542
0.4 0.8 0.0856963
0.45 0.8 0.0496094
0.5 0.8 0.025155
0.55 0.8 0.0102434
0.6 0.8 -0.0012662
0.65 0.8 -0.0178845
0.7 0.8 -0.0485682
0.75 0.8 -0.0995893
0.8 0.8 -0.171763
0.85 0.8 -0.260106
0.9 0.8 -0.355991
0.95 0.8 -0.45025
0 0.85 0
0.05 0.85 0.429976
0.1 0.85 0.377995
0.15 0.85 0.327972
0.2 0.85 0.277973
0.25 0.85 0.22799
0.3 0.85 0.178195
0.35 0.85 0.12959
0.4 0.85 0.0852333
0.45 0.85 0.0497465
0.5 0.85 0.0255543
0.55 0.85 0.0102661
0.6 0.85 -0.00242061
0.65 0.85 -0.0209855
0.7 0.85 -0.0538627
0.75 0.85 -0.10641
0.8 0.85 -0.178683
0.85 0.85 -0.26555
0.9 0.85 -0.358852
0.95 0.85 -0.450187
0 0.9 0
0.05 0.9 0.428892
0.1 0.9 0.376803
0.15 0.9 0.326778
0.2 0.9 0.276778
0.25 0.9 0.226801
0.3 0.9 0.177054
0.35 0.9 0.128661
0.4 0.9 0.0847894
0.45 0.9 0.0498656
0.5 0.9 0.0258873
0.55 0.9 0.0101706
0.6 0.9 -0.00372978
0.65 0.9 -0.0241877
0.7 0.9 -0.0590782
0.75 0.9 -0.112922
0.8 0.9 -0.185155
0.85 0.9 -0.270575
0.9 0.9 -0.361472
0.95 0.9 -0.450125
0 0.95 0
0.05 0.95 0.42781
0.1 0.95 0.375614
0.15 0.95 0.325586
0.2 0.95 0.275587
0.25 0.95 0.225616
0.3 0.95 0.175924
0.35 0.95 0.127753
0.4 0.95 0.0843621
0.45 0.95 0.0499649
0.5 0.95 0.0261526
0.55 0.95 0.0099577
0.6 0.95 -0.00518013
0.65 0.95 -0.0274658
0.7 0.95 -0.0641983
0.75 0.95 -0.119142
0.8 0.95 -0.191221
0.85 0.95 -0.275228
0.9 0.95 -0.363881
0.95 0.95 -0.450062